log_time,status
2021-03-29 02:30:33,successful scrape
