log_time,status
2021-04-01 10:00:49,successful scrape
