log_time,status
2021-10-27 01:17:49,successful scrape
